Angle [deg] EIRP [dBW]
1.712852    28.16740
2.976666    28.28771
4.240480    28.53386
5.504295    28.88599
6.768109    29.37390
8.031924    29.92804
9.295738    30.44907
10.55955    30.81113
11.82337    30.91157
13.08718    30.77687
14.35100    30.22158
15.38503    29.52816
16.13183    28.70351
16.76373    27.84521
17.45309    27.06878
18.19989    26.28751
18.88924    25.48420
19.57859    24.57160
20.11859    23.73313
20.44028    23.31397
20.71931    22.64433
21.35942    21.71669
21.76154    20.87216
22.16367    19.98513
22.50834    19.14936
22.85302    18.27716
23.19770    17.30782
23.54237    16.25347
23.88705    15.17484
24.17428    14.15657
24.40406    13.33831
24.63385    12.50184
24.86363    11.64716
25.09342    10.71961
25.32320    9.883140
25.55299    9.010240
26.29979    7.787790
27.21892    8.244455
27.79339    9.122260
28.48274    9.925825
29.51677    10.66213
30.78058    11.12024
32.04440    11.27366
33.30821    11.14559
34.57203    10.67640
35.83584    9.965456
36.98476    9.150780
37.90390    8.359567
38.65070    7.578290
39.28261    6.722413
39.85707    5.895329
40.37408    5.038752
40.83365    4.267433
41.29322    3.514328
41.81024    2.708752
42.44214    1.942734
43.41873    1.331599
44.62510    1.614824
45.54423    2.465587
46.23359    3.289448
46.92294    4.167953
47.61229    5.034315
48.35909    5.847251
49.27823    6.671646
50.22609    7.339223
50.44151    7.577327
51.69097    7.939303
52.95478    8.225196
54.21860    8.405113
55.48241    8.409508
56.74622    8.225132
58.01004    7.921534
59.27385    7.511960
60.53767    7.022904
61.80148    6.447742
63.06530    5.836151
64.32911    5.269821
65.60250    4.673467
66.79929    3.815570
67.94822    3.013847
69.09714    2.223052
70.07372    1.462431
70.82052    0.6950320
71.50988    -0.1082794
72.19923    -0.9601632
72.88858    -1.775618
73.63538    -2.585518
74.49707    -3.391465
75.47366    -4.194543
76.62258    -4.920538
77.88639    -5.121472
79.15021    -5.040907
80.41402    -5.258400
81.67784    -5.346734
82.94165    -4.835642
84.20547    -4.496761
85.46928    -4.787112
86.73309    -5.166881
87.99691    -5.235345
89.07402    -5.110382
